0.164062 0.157063 0.169262 0.177079 0.198540 0.203906 0.212073 0.245115 0.280235 0.291063 
0.276063 0.252159 0.242344 0.242756 0.263949 0.278127 0.259798 0.286150 0.322938 0.343306 
0.396088 0.376629 0.349106 0.342827 0.354495 0.334529 0.318272 0.363224 0.397573 0.412352 
0.490729 0.481987 0.447042 0.431645 0.434329 0.406958 0.399065 0.442623 0.463117 0.459879 
0.557173 0.560718 0.535676 0.510184 0.493633 0.481667 0.494153 0.530718 0.530608 0.492850 
0.620573 0.595510 0.608604 0.590542 0.550083 0.539062 0.556892 0.592215 0.584402 0.529269 
0.685323 0.656757 0.664557 0.643422 0.598208 0.543383 0.562671 0.587080 0.596079 0.587497 
0.691923 0.705698 0.700410 0.665796 0.619904 0.609917 0.593342 0.601484 0.597208 0.587029 
0.696510 0.710425 0.700246 0.671352 0.643842 0.659537 0.632642 0.617688 0.600258 0.588894 
0.703273 0.675066 0.657306 0.651580 0.675753 0.699429 0.677618 0.622272 0.598479 0.608304 
